35 78 1
1 4 1.6
4 5 1.0
5 4 1.0
5 6 1.2
6 5 1.2
6 10 0.8
10 6 0.8
10 19 1.7
19 10 1.7
19 25 1.0
25 19 1.0
25 27 1.3
27 25 1.3
27 28 1.0
28 27 1.0
28 29 1.6
29 28 1.6
29 33 2.2
33 29 2.2
33 30 1.1
30 33 1.1
33 31 0.7
31 33 0.7
30 31 1.5
31 30 1.5
31 32 0.2
32 31 0.2
32 12 4.2
32 26 2.4
26 32 2.4
12 32 4.2
12 24 1.0
24 12 1.0
24 23 0.75
23 24 0.75
23 15 1.7
15 23 1.7
15 2 4.4
2 15 4.4
2 1 1.8
1 2 1.8
22 23 0.6
23 22 0.6
35 15 0.1
15 35 0.1
35 14 2.4
14 35 2.4
11 14 2.4
14 11 2.4
16 35 1.4
35 16 1.4
16 8 3.4
8 16 3.4
22 7 0.6
7 22 0.6
7 16 0.4
16 7 0.4
12 21 1.0
21 12 1.0
21 22 0.4
22 21 0.4
12 26 1.8
26 12 1.8
20 26 1.5
26 20 1.5
20 17 1.0
17 20 1.0
17 18 0.6
18 17 0.6
18 13 1.3
13 18 1.3
13 8 1.9
8 13 1.9
8 11 0.8
11 8 0.8
11 3 2.3
3 11 2.3
3 1 1.55